"x"
3
6
9
3
6
4
1
3
14
6
8
6
3
3
8
7
3
10
2
4
6
9
9
4
1
5
11
1
0
4
2
3
4
13
6
0
7
3
8
1
5
6
5
6
1
6
1
5
0
4
9
5
3
4
9
5
4
2
3
8
1
4
6
7
3
2
4
3
3
2
8
3
6
3
2
3
1
0
6
9
5
1
7
5
0
8
6
5
6
8
1
8
2
4
4
2
2
3
3
4
5
0
8
4
5
3
6
8
9
4
1
4
6
5
2
1
1
10
6
8
1
6
1
7
9
4
2
3
10
5
5
3
2
8
6
4
5
0
5
7
6
5
5
9
6
7
1
8
5
4
2
2
10
2
3
6
4
0
7
4
3
3
7
0
5
7
3
0
5
7
7
5
1
6
3
6
0
2
2
5
4
6
4
5
6
7
8
3
1
0
0
5
5
4
8
0
4
3
11
4
8
4
5
8
4
6
7
6
5
9
4
1
2
2
13
6
11
1
5
1
2
4
6
6
8
6
2
2
5
9
7
1
3
2
10
5
4
6
4
8
2
6
0
5
5
4
3
4
2
1
