"x"
17
16
16
20
16
11
12
20
23
14
10
24
19
24
23
12
16
15
21
14
15
15
20
10
21
20
21
15
23
12
22
22
23
16
18
15
10
10
16
22
16
19
12
17
17
19
14
19
14
12
10
18
10
17
21
22
12
18
10
23
20
10
21
15
16
16
24
15
14
15
20
19
10
15
22
21
21
15
14
14
17
11
13
16
17
24
22
23
14
21
22
20
14
24
23
18
19
14
17
14
12
10
15
17
22
18
17
13
18
17
16
23
24
21
12
11
22
23
10
20
18
22
15
14
13
18
13
15
11
21
18
21
15
15
17
15
24
17
22
19
24
11
17
10
16
16
12
24
17
12
12
22
20
24
24
13
16
20
12
10
24
15
13
14
13
18
21
13
24
18
22
10
14
24
19
10
14
12
17
15
15
11
21
16
14
19
12
23
12
20
19
10
24
19
20
22
11
19
13
13
19
18
10
22
23
23
13
11
16
18
19
10
11
12
10
19
13
15
14
23
23
17
22
16
19
24
21
20
10
19
23
14
19
24
17
22
12
11
19
12
20
23
23
16
23
10
18
19
17
11
